4.999999 6.967604 7.870419 8.325475 8.547538 8.614829 8.547538 8.325475 7.870414 6.967601 4.999999
3.032392 4.999993 6.188590 6.883953 7.249854 7.364248 7.249851 6.883953 6.188587 4.999993 3.032392
2.129575 3.811399 4.999994 5.771901 6.203669 6.342455 6.203669 5.771902 4.999989 3.811397 2.129575
1.674514 3.116030 4.228080 4.999989 5.450470 5.598237 5.450470 4.999987 4.228078 3.116030 1.674514
1.452451 2.750131 3.796310 4.549507 4.999989 5.149548 4.999985 4.549504 3.796308 2.750131 1.452451
1.385160 2.635738 3.657524 4.401740 4.850424 4.999986 4.850423 4.401738 3.657521 2.635735 1.385159
1.452451 2.750131 3.796310 4.549507 4.999988 5.149548 4.999986 4.549505 3.796309 2.750131 1.452451
1.674514 3.116030 4.228080 4.999990 5.450471 5.598238 5.450469 4.999988 4.228079 3.116030 1.674514
2.129575 3.811396 4.999992 5.771902 6.203669 6.342455 6.203670 5.771901 4.999990 3.811398 2.129576
3.032391 4.999993 6.188591 6.883954 7.249854 7.364248 7.249854 6.883954 6.188590 4.999996 3.032392
4.999997 6.967599 7.870416 8.325477 8.547541 8.614830 8.547539 8.325477 7.870415 6.967604 4.999998
